  -1.2513437e+01
  -1.5905617e+01
  -1.5819357e+01
  -1.4290316e+01
  -1.4562120e+01
  -1.5339073e+01
  -1.6871196e+01
  -1.6600886e+01
  -1.6794471e+01
  -1.7341951e+01
  -1.6334256e+01
  -1.7339577e+01
  -1.7915192e+01
  -1.1787879e+01
  -1.5394432e+01
  -1.8346559e+01
  -1.3206040e+01
  -1.4870141e+01
  -1.2842648e+01
  -1.4851195e+01
  -1.8651245e+01
  -1.3268599e+01
  -1.4802504e+01
  -1.6120950e+01
  -1.6860166e+01
  -1.7955551e+01
  -1.5124289e+01
  -1.7074346e+01
  -1.7929384e+01
  -1.4554690e+01
  -1.1498024e+01
  -1.5698420e+01
  -1.5377983e+01
  -1.4264707e+01
  -1.7608174e+01
  -1.7132528e+01
  -1.6034175e+01
  -1.6466464e+01
  -1.3267020e+01
  -2.0169282e+01
  -1.6468048e+01
  -1.4025732e+01
  -1.4378368e+01
  -1.7933090e+01
  -1.0712422e+01
  -1.4903947e+01
  -1.4771468e+01
  -1.4354849e+01
  -1.6124335e+01
  -1.8804579e+01
