  -1.6217708e+01
  -1.6289653e+01
   7.8762199e+00
  -1.4100308e+01
  -1.5064264e+01
   2.6575790e+00
  -1.6377128e+01
  -1.8443007e+01
  -1.8565776e+01
  -1.7373914e+01
  -1.7066578e+01
  -1.5757319e+01
  -1.6480939e+01
  -1.9899948e+01
  -1.6183833e+01
  -1.8062296e+01
  -1.6940825e+01
  -1.4036674e+01
  -1.6459607e+01
  -1.6434114e+01
  -1.6456107e+01
  -1.7765628e+01
  -1.8678495e+01
  -1.6881109e+01
  -1.6658274e+01
  -1.8221278e+01
  -1.6050459e+01
  -1.5885363e+01
  -1.9302779e+01
  -1.5605414e+01
  -1.4001437e+01
  -1.7392500e+01
  -1.8995931e+01
  -1.3456085e+01
  -1.7180531e+01
  -1.8282579e+01
  -1.7020868e+01
  -1.5993630e+01
  -1.4204851e+01
  -1.7640030e+01
  -2.1258330e+01
  -1.4689314e+01
  -1.4773233e+01
  -1.5642135e+01
  -1.9540148e+01
  -1.7767561e+01
  -1.3550266e+01
  -1.6233132e+01
  -1.6299955e+01
  -1.6980009e+01
