  -2.8539111e+00
  -1.1983184e+00
  -4.6260163e+00
  -1.0606796e+00
  -2.1631511e+00
  -3.5112663e+00
  -6.3179937e+00
  -3.9434131e+00
  -3.7640433e+00
  -5.0324372e+00
  -3.6340451e+00
  -6.6959962e+00
  -6.5222462e+00
  -3.2785872e+00
   5.9536776e-01
  -6.0472190e+00
  -3.0521764e+00
  -6.9524149e+00
  -5.3353155e+00
  -6.2930904e+00
  -3.8572212e+00
  -5.8248835e+00
  -4.0374300e+00
  -5.9101893e+00
  -2.6329214e+00
   4.2145501e-01
  -6.0972832e+00
  -6.0711675e+00
  -2.0005185e+00
  -4.4420034e+00
  -4.9178598e+00
  -4.7106856e+00
  -8.6628021e-01
  -2.7909626e+00
  -5.3985373e+00
  -3.3364373e+00
  -1.8895036e+00
  -4.9173438e+00
  -3.8297075e+00
  -4.3803401e+00
  -4.4769017e+00
  -1.6725104e+00
  -6.7071753e+00
  -5.3233191e+00
  -4.1894334e+00
  -3.7255302e+00
  -4.3135006e+00
  -4.1823621e+00
  -3.1817587e+00
  -5.3980198e+00
