  -3.8862850e+00
  -4.6393418e+00
  -4.0438437e+00
  -7.0182217e+00
  -2.9488580e+00
  -2.5686028e+00
  -4.3326366e+00
  -4.8829932e+00
  -3.0300369e+00
  -1.5017636e+00
  -3.8745914e+00
  -4.5571546e+00
  -2.8084648e+00
  -3.4900600e+00
   1.3021787e+00
  -3.4623782e+00
  -6.5422387e+00
  -1.8945375e+00
  -8.3776280e+00
  -7.3164395e+00
  -5.7114778e+00
  -4.2925491e+00
  -4.3217965e+00
  -3.6075127e+00
  -2.6938636e+00
  -1.8189043e+00
  -5.3089185e+00
  -2.6404234e+00
  -1.9833677e+00
  -2.6311356e+00
  -2.8242964e+00
  -1.9617896e+00
  -4.8662843e+00
  -5.3275143e+00
  -5.1589878e+00
  -4.2423776e+00
  -5.7173178e+00
  -1.5540142e+00
  -1.9417303e+00
  -4.1533866e+00
  -6.3405942e+00
  -3.2377222e+00
  -5.7453613e+00
  -5.1780061e+00
  -3.9426876e+00
  -5.9827884e+00
  -3.6888964e+00
  -4.8376949e+00
   1.6396868e+01
  -4.0213788e+00
