   2.2736035e+01
   2.5682987e+01
   2.1321123e+01
   1.9245558e+01
   2.4390508e+01
   2.1758259e+01
   2.2816033e+01
   2.2574045e+01
   2.6343697e+01
   1.9035585e+01
   2.2251014e+01
   2.1555631e+01
   2.3074210e+01
   2.0577024e+01
   2.6439078e+01
   2.4762943e+01
   2.4780618e+01
   2.5533217e+01
   2.4873141e+01
   2.4874079e+01
   2.2957143e+01
   2.0118277e+01
   2.0307044e+01
   2.8225994e+01
   2.1092437e+01
   2.4770438e+01
   2.1738018e+01
   2.3467065e+01
   2.1858491e+01
   2.4432496e+01
   1.8725506e+01
   2.0566283e+01
   2.1838292e+01
   2.2431316e+01
   2.1958809e+01
   2.5293402e+01
   2.1215579e+01
   2.3443067e+01
   2.2130283e+01
   2.1027487e+01
   2.8299970e+01
   1.6178675e+01
   2.1516715e+01
   2.2807771e+01
   2.3137140e+01
   2.4758762e+01
   2.1688208e+01
   2.4872290e+01
   2.5342264e+01
   2.2448821e+01
