   1.9573676e+01
   2.2204967e+01
   2.3977333e+01
   2.0958607e+01
   2.3755348e+01
   2.3406510e+01
   2.4543749e+01
   2.2737321e+01
   2.4756529e+01
   1.9557071e+01
   2.3798045e+01
   1.5499754e+01
   2.3508040e+01
   2.2815058e+01
   1.5675282e+01
   2.1901680e+01
   1.9341475e+01
   2.4425077e+01
   2.4269163e+01
   2.0174732e+01
   2.1940635e+01
   2.3745415e+01
   2.4495965e+01
   2.3990517e+01
   1.0156759e+01
   1.8715064e+01
   3.1371964e+01
   1.6654296e+01
   2.5871990e+01
   2.1203387e+01
   2.0774038e+01
   1.8895115e+01
   2.6060063e+01
   2.1834679e+01
   2.2875430e+01
   2.8850718e+01
   2.7009165e+01
   2.7773138e+01
   1.8942400e+01
   1.8066010e+01
   2.8696246e+01
   2.3000353e+01
   2.1322293e+01
   2.3230409e+01
   2.4865304e+01
   2.5479711e+01
   2.2434673e+01
   1.9997927e+01
   2.3706519e+01
   2.4162050e+01
